commented;modifiers;parameterAmount;loc;comment;code
false;public;1;5;;@Override public void customize(TomcatServletWebServerFactory factory) {     factory.addContextCustomizers((context) -> context.addApplicationListener(WsContextListener.class.getName())). }
false;public;0;4;;@Override public int getOrder() {     return 0. }
